遗传算法开始初始化.
初始化完毕,开始产生样本.
样本生成完毕,样本总数为 100.
迭代开始，进入选择、繁殖过程
第0代.
优胜的样本序号为： 1, 26, 74, 45, 53, 61, 4, 5, 38, 11, 13, 15, 19, 23, 27, 31, 39, 47, 55, 63, 79, 95, 65, 41, 98, 57, 67, 83, 34, 50, 100, 17, 94, 91, 29, 35, 43, 51, 59, 71, 87, 89, 86, 82, 78, 75, 69, 8, 22, 9, 其它样本将会被淘汰
第1代.
优胜的样本序号为： 37, 2, 53, 61, 75, 5, 7, 46, 13, 15, 19, 23, 27, 31, 78, 47, 55, 63, 79, 95, 40, 66, 41, 98, 57, 83, 99, 34, 10, 12, 94, 17, 91, 25, 29, 35, 86, 90, 82, 71, 87, 74, 69, 68, 44, 52, 60, 3, 22, 50, 其它样本将会被淘汰
第2代.
优胜的样本序号为： 37, 2, 3, 5, 76, 46, 13, 15, 19, 23, 27, 31, 39, 47, 63, 79, 96, 56, 65, 81, 33, 49, 91, 98, 93, 99, 90, 8, 10, 12, 58, 17, 21, 25, 29, 74, 86, 84, 78, 71, 87, 69, 68, 36, 44, 52, 60, 61, 42, 54, 其它样本将会被淘汰
第3代.
优胜的样本序号为： 1, 30, 37, 45, 61, 5, 9, 92, 13, 15, 19, 23, 27, 31, 39, 47, 55, 63, 79, 96, 65, 81, 41, 49, 57, 83, 99, 34, 98, 12, 93, 17, 21, 25, 90, 35, 43, 69, 59, 86, 77, 76, 74, 72, 88, 52, 68, 3, 8, 54, 其它样本将会被淘汰
第4代.
优胜的样本序号为： 1, 37, 45, 61, 5, 9, 92, 13, 15, 19, 23, 27, 31, 39, 47, 55, 63, 79, 96, 81, 97, 66, 49, 93, 83, 99, 89, 34, 42, 12, 58, 17, 76, 25, 29, 35, 43, 51, 86, 77, 87, 74, 69, 72, 68, 3, 60, 8, 22, 54, 其它样本将会被淘汰
第5代.
优胜的样本序号为： 1, 45, 53, 61, 6, 7, 38, 11, 15, 19, 93, 31, 39, 47, 55, 63, 79, 96, 81, 24, 28, 66, 41, 49, 67, 83, 99, 97, 92, 89, 58, 17, 77, 25, 29, 35, 43, 51, 86, 71, 87, 76, 33, 69, 14, 3, 60, 73, 22, 9, 其它样本将会被淘汰
第6代.
优胜的样本序号为： 1, 37, 45, 53, 61, 5, 7, 9, 11, 13, 15, 19, 23, 31, 39, 47, 55, 63, 79, 96, 81, 97, 28, 33, 41, 49, 67, 83, 99, 93, 58, 17, 92, 25, 29, 89, 43, 77, 86, 71, 87, 76, 66, 36, 69, 52, 60, 73, 22, 3, 其它样本将会被淘汰
第7代.
优胜的样本序号为： 1, 26, 37, 53, 61, 5, 7, 9, 46, 13, 15, 19, 23, 27, 31, 39, 47, 55, 63, 79, 95, 65, 81, 97, 33, 67, 83, 99, 42, 50, 58, 17, 94, 91, 29, 89, 43, 51, 86, 71, 87, 77, 76, 36, 3, 69, 60, 73, 22, 11, 其它样本将会被淘汰
第8代.
优胜的样本序号为： 26, 37, 45, 53, 61, 4, 5, 7, 9, 11, 15, 19, 93, 31, 39, 47, 55, 63, 79, 95, 65, 81, 24, 28, 33, 41, 98, 67, 83, 99, 50, 58, 85, 91, 29, 70, 43, 51, 59, 71, 87, 89, 77, 36, 75, 73, 14, 18, 22, 2, 其它样本将会被淘汰
第9代.
优胜的样本序号为： 26, 30, 45, 53, 4, 5, 38, 11, 13, 15, 19, 93, 31, 39, 47, 55, 63, 79, 95, 81, 24, 28, 33, 41, 67, 83, 100, 8, 97, 50, 58, 92, 85, 89, 88, 70, 77, 51, 59, 71, 75, 73, 66, 36, 44, 62, 9, 18, 22, 2, 其它样本将会被淘汰
第10代.
优胜的样本序号为： 26, 30, 45, 53, 4, 5, 38, 11, 13, 15, 19, 23, 31, 39, 47, 55, 63, 79, 95, 65, 81, 97, 28, 33, 41, 49, 67, 83, 8, 100, 58, 17, 85, 93, 92, 35, 89, 51, 59, 88, 77, 75, 9, 72, 44, 69, 62, 73, 22, 2, 其它样本将会被淘汰
第11代.
优胜的样本序号为： 26, 45, 53, 4, 5, 38, 11, 13, 15, 19, 23, 27, 31, 39, 47, 55, 63, 79, 95, 65, 81, 97, 33, 41, 49, 67, 83, 8, 94, 100, 58, 17, 85, 92, 29, 35, 89, 51, 59, 88, 77, 75, 9, 72, 44, 69, 62, 73, 22, 2, 其它样本将会被淘汰
第12代.
优胜的样本序号为： 26, 37, 45, 53, 4, 5, 7, 9, 11, 13, 15, 77, 23, 27, 31, 39, 47, 63, 79, 96, 56, 65, 20, 97, 33, 41, 49, 67, 83, 99, 58, 69, 85, 94, 29, 35, 92, 51, 59, 89, 88, 81, 76, 72, 44, 73, 62, 18, 22, 2, 其它样本将会被淘汰
第13代.
优胜的样本序号为： 1, 37, 45, 53, 4, 5, 9, 11, 13, 62, 77, 23, 27, 31, 39, 47, 55, 63, 79, 96, 65, 20, 97, 33, 49, 57, 67, 83, 99, 8, 42, 17, 85, 25, 29, 35, 94, 51, 59, 91, 89, 88, 81, 72, 44, 76, 69, 73, 22, 15, 其它样本将会被淘汰
第14代.
优胜的样本序号为： 1, 53, 4, 5, 38, 46, 13, 62, 77, 23, 27, 31, 39, 47, 63, 79, 96, 56, 16, 20, 33, 49, 57, 67, 83, 99, 98, 8, 42, 93, 92, 17, 21, 25, 29, 35, 9, 51, 59, 85, 87, 81, 76, 72, 44, 65, 69, 73, 89, 11, 其它样本将会被淘汰
第15代.
优胜的样本序号为： 1, 26, 53, 61, 4, 5, 38, 46, 13, 23, 27, 39, 55, 63, 79, 32, 48, 16, 20, 97, 33, 93, 57, 96, 83, 99, 92, 8, 42, 50, 9, 17, 21, 81, 29, 35, 43, 51, 59, 85, 87, 78, 76, 72, 65, 69, 68, 73, 89, 12, 其它样本将会被淘汰
第16代.
优胜的样本序号为： 1, 26, 90, 53, 61, 4, 5, 38, 46, 13, 23, 27, 39, 55, 63, 79, 32, 48, 16, 20, 97, 33, 57, 96, 83, 99, 93, 8, 42, 50, 91, 17, 21, 78, 29, 35, 43, 85, 59, 81, 87, 76, 65, 72, 69, 52, 68, 73, 9, 12, 其它样本将会被淘汰
第17代.
优胜的样本序号为： 1, 26, 37, 90, 53, 61, 4, 5, 9, 46, 13, 23, 27, 39, 55, 63, 79, 95, 32, 48, 16, 20, 97, 33, 57, 83, 99, 8, 42, 50, 93, 17, 21, 91, 29, 35, 43, 81, 59, 85, 87, 78, 76, 72, 68, 52, 69, 73, 65, 11, 其它样本将会被淘汰
第18代.
优胜的样本序号为： 1, 26, 37, 53, 61, 4, 5, 9, 46, 13, 19, 93, 27, 78, 55, 63, 79, 95, 32, 40, 48, 16, 81, 24, 33, 41, 57, 83, 99, 8, 50, 17, 21, 97, 29, 35, 43, 91, 59, 71, 87, 65, 85, 76, 68, 52, 70, 73, 89, 11, 其它样本将会被淘汰
第19代.
优胜的样本序号为： 1, 37, 53, 61, 4, 5, 9, 46, 13, 19, 23, 27, 78, 47, 55, 63, 79, 32, 40, 96, 16, 81, 97, 33, 41, 57, 83, 8, 100, 50, 93, 17, 21, 25, 29, 35, 43, 91, 59, 71, 87, 65, 85, 76, 68, 52, 70, 73, 89, 11, 其它样本将会被淘汰
第20代.
优胜的样本序号为： 1, 37, 53, 61, 5, 76, 46, 13, 19, 23, 27, 39, 47, 55, 63, 79, 32, 96, 16, 81, 97, 33, 41, 57, 83, 100, 93, 8, 10, 50, 91, 17, 21, 25, 29, 35, 43, 51, 59, 71, 87, 65, 85, 78, 3, 70, 68, 73, 89, 11, 其它样本将会被淘汰
第21代.
优胜的样本序号为： 1, 30, 37, 53, 61, 75, 5, 7, 46, 13, 23, 27, 39, 47, 55, 63, 79, 32, 96, 65, 20, 97, 41, 57, 100, 93, 91, 34, 10, 50, 16, 17, 21, 25, 3, 35, 43, 51, 59, 71, 85, 84, 81, 78, 88, 70, 68, 73, 89, 11, 其它样本将会被淘汰
第22代.
优胜的样本序号为： 1, 30, 37, 53, 61, 75, 5, 7, 46, 13, 23, 27, 39, 47, 55, 63, 79, 32, 96, 65, 20, 97, 41, 57, 93, 99, 91, 34, 10, 50, 16, 69, 21, 25, 73, 35, 43, 51, 59, 71, 85, 84, 81, 78, 88, 68, 3, 18, 89, 11, 其它样本将会被淘汰
第23代.
优胜的样本序号为： 1, 30, 37, 53, 61, 75, 5, 7, 46, 13, 77, 23, 27, 47, 55, 63, 79, 32, 40, 96, 16, 20, 97, 33, 41, 57, 83, 99, 68, 10, 50, 69, 21, 25, 93, 35, 43, 51, 59, 71, 91, 3, 81, 85, 88, 73, 65, 18, 89, 11, 其它样本将会被淘汰
第24代.
优胜的样本序号为： 1, 37, 45, 53, 61, 75, 5, 7, 9, 11, 13, 15, 77, 23, 27, 47, 63, 32, 40, 96, 56, 65, 20, 97, 33, 41, 49, 57, 83, 99, 68, 69, 21, 25, 29, 35, 43, 51, 59, 71, 94, 91, 73, 85, 88, 81, 80, 18, 89, 3, 其它样本将会被淘汰
第25代.
优胜的样本序号为： 1, 37, 45, 53, 61, 4, 5, 7, 9, 11, 13, 15, 77, 47, 63, 32, 40, 96, 56, 65, 20, 24, 28, 33, 41, 49, 57, 83, 99, 68, 97, 69, 21, 25, 29, 35, 43, 51, 59, 71, 87, 94, 91, 75, 85, 81, 80, 18, 89, 73, 其它样本将会被淘汰
第26代.
优胜的样本序号为： 1, 37, 53, 61, 75, 5, 9, 46, 13, 15, 77, 23, 47, 55, 63, 32, 40, 96, 65, 20, 97, 28, 33, 41, 49, 57, 83, 99, 8, 94, 92, 69, 21, 25, 29, 35, 43, 51, 59, 71, 87, 3, 85, 81, 80, 73, 68, 18, 89, 11, 其它样本将会被淘汰
第27代.
优胜的样本序号为： 1, 37, 53, 61, 5, 9, 46, 13, 77, 23, 39, 47, 55, 95, 32, 80, 16, 20, 28, 94, 41, 49, 57, 98, 83, 99, 91, 34, 8, 12, 68, 69, 21, 25, 29, 35, 43, 51, 59, 71, 85, 81, 76, 73, 88, 3, 65, 18, 89, 64, 其它样本将会被淘汰
第28代.
优胜的样本序号为： 1, 37, 53, 61, 4, 5, 7, 9, 46, 13, 15, 77, 23, 31, 39, 47, 55, 64, 80, 96, 65, 20, 28, 41, 98, 57, 83, 99, 34, 50, 93, 69, 21, 25, 29, 35, 43, 51, 59, 71, 87, 91, 68, 86, 81, 75, 73, 18, 89, 12, 其它样本将会被淘汰
第29代.
优胜的样本序号为： 1, 37, 53, 61, 4, 5, 9, 46, 13, 15, 77, 23, 27, 31, 39, 55, 64, 80, 48, 65, 20, 33, 41, 49, 57, 99, 98, 8, 84, 12, 96, 69, 21, 25, 29, 35, 43, 51, 59, 71, 87, 93, 91, 73, 86, 81, 76, 18, 89, 68, 其它样本将会被淘汰
第30代.
优胜的样本序号为： 1, 45, 53, 61, 5, 38, 13, 15, 19, 23, 27, 31, 39, 55, 64, 80, 48, 65, 81, 33, 41, 49, 57, 96, 98, 99, 93, 8, 84, 12, 91, 69, 21, 25, 29, 35, 86, 51, 59, 71, 87, 3, 77, 76, 44, 73, 68, 18, 89, 9, 其它样本将会被淘汰
第31代.
优胜的样本序号为： 1, 45, 61, 5, 7, 38, 13, 19, 23, 27, 31, 39, 55, 63, 80, 48, 65, 81, 93, 33, 41, 49, 57, 98, 96, 99, 91, 68, 84, 12, 90, 69, 21, 25, 29, 35, 86, 51, 59, 71, 88, 77, 76, 73, 44, 3, 16, 18, 9, 54, 其它样本将会被淘汰
第32代.
优胜的样本序号为： 1, 90, 53, 61, 4, 5, 7, 38, 46, 13, 19, 23, 27, 31, 39, 47, 55, 63, 80, 96, 16, 33, 41, 49, 67, 99, 98, 93, 84, 12, 58, 69, 21, 25, 29, 35, 91, 51, 59, 71, 88, 85, 82, 77, 44, 76, 73, 18, 65, 9, 其它样本将会被淘汰
第33代.
优胜的样本序号为： 1, 61, 4, 5, 7, 38, 46, 13, 19, 23, 27, 31, 39, 47, 55, 63, 79, 95, 16, 33, 41, 49, 57, 67, 83, 99, 98, 93, 91, 12, 9, 69, 21, 25, 29, 35, 77, 85, 82, 71, 87, 75, 73, 65, 44, 52, 60, 18, 89, 54, 其它样本将会被淘汰
第34代.
优胜的样本序号为： 1, 30, 37, 53, 61, 75, 5, 7, 9, 46, 13, 15, 19, 93, 27, 31, 39, 47, 55, 63, 79, 96, 65, 81, 24, 33, 41, 49, 57, 67, 83, 99, 17, 85, 25, 35, 98, 51, 91, 71, 87, 89, 77, 3, 44, 69, 60, 73, 22, 11, 其它样本将会被淘汰
第35代.
优胜的样本序号为： 1, 37, 53, 61, 75, 5, 7, 9, 46, 13, 15, 19, 93, 27, 31, 39, 47, 63, 79, 96, 56, 65, 81, 24, 33, 41, 49, 57, 67, 83, 99, 17, 85, 25, 29, 35, 97, 51, 91, 71, 87, 89, 77, 3, 44, 69, 60, 73, 22, 11, 其它样本将会被淘汰
第36代.
优胜的样本序号为： 30, 37, 45, 53, 61, 75, 5, 7, 9, 11, 13, 15, 19, 93, 27, 31, 39, 79, 95, 64, 48, 56, 65, 81, 24, 33, 41, 49, 57, 67, 83, 99, 69, 85, 25, 35, 98, 51, 59, 92, 87, 89, 77, 72, 44, 74, 3, 18, 22, 2, 其它样本将会被淘汰
第37代.
优胜的样本序号为： 37, 45, 53, 61, 75, 5, 7, 9, 11, 13, 19, 23, 31, 39, 47, 55, 63, 79, 95, 16, 81, 28, 33, 41, 98, 57, 67, 83, 99, 50, 93, 17, 21, 25, 29, 35, 91, 51, 3, 85, 87, 77, 74, 72, 44, 69, 60, 65, 89, 2, 其它样本将会被淘汰
第38代.
优胜的样本序号为： 26, 37, 45, 53, 61, 75, 5, 7, 9, 13, 19, 23, 27, 31, 39, 47, 63, 79, 95, 56, 16, 33, 41, 98, 57, 67, 83, 99, 93, 50, 91, 17, 21, 2, 29, 35, 85, 51, 59, 71, 87, 82, 77, 74, 44, 69, 65, 3, 89, 12, 其它样本将会被淘汰
第39代.
优胜的样本序号为： 1, 26, 37, 45, 53, 3, 75, 5, 7, 9, 11, 13, 62, 77, 23, 27, 31, 39, 55, 63, 79, 48, 16, 20, 33, 41, 49, 57, 67, 83, 99, 17, 21, 98, 29, 35, 96, 51, 93, 71, 87, 92, 69, 85, 44, 81, 60, 74, 89, 65, 其它样本将会被淘汰
第40代.
优胜的样本序号为： 1, 37, 45, 53, 61, 4, 5, 9, 11, 13, 19, 23, 27, 31, 39, 94, 55, 63, 79, 48, 16, 81, 33, 41, 49, 57, 67, 83, 99, 8, 98, 17, 21, 25, 29, 35, 96, 51, 92, 90, 88, 85, 77, 72, 44, 75, 60, 73, 69, 65, 其它样本将会被淘汰
第41代.
优胜的样本序号为： 1, 37, 45, 61, 4, 5, 7, 9, 13, 15, 77, 23, 27, 31, 39, 55, 79, 64, 48, 65, 20, 41, 49, 67, 83, 99, 98, 34, 96, 12, 58, 17, 21, 25, 29, 35, 43, 51, 93, 71, 87, 91, 90, 85, 81, 75, 60, 73, 69, 54, 其它样本将会被淘汰
第42代.
优胜的样本序号为： 1, 37, 45, 53, 61, 4, 5, 7, 9, 13, 15, 77, 93, 27, 31, 39, 47, 55, 79, 95, 64, 20, 24, 66, 41, 49, 57, 83, 99, 34, 12, 17, 21, 25, 29, 35, 97, 51, 91, 71, 70, 88, 85, 81, 44, 75, 60, 73, 89, 68, 其它样本将会被淘汰
第43代.
优胜的样本序号为： 37, 45, 53, 4, 5, 7, 9, 11, 13, 62, 19, 27, 31, 39, 94, 55, 95, 64, 80, 48, 81, 24, 66, 41, 57, 67, 83, 99, 34, 50, 97, 91, 21, 25, 29, 35, 15, 51, 88, 71, 85, 77, 75, 73, 44, 70, 60, 18, 89, 2, 其它样本将会被淘汰
第44代.
优胜的样本序号为： 1, 37, 45, 53, 3, 75, 5, 7, 11, 13, 15, 19, 93, 31, 39, 47, 55, 63, 79, 95, 65, 24, 28, 41, 98, 83, 99, 34, 10, 50, 58, 69, 21, 25, 29, 35, 91, 51, 68, 71, 88, 85, 82, 77, 44, 73, 60, 18, 89, 62, 其它样本将会被淘汰
第45代.
优胜的样本序号为： 1, 37, 45, 53, 4, 91, 6, 7, 13, 62, 19, 23, 39, 47, 55, 63, 79, 95, 32, 65, 97, 28, 41, 57, 83, 99, 93, 34, 10, 50, 15, 69, 21, 25, 29, 35, 43, 51, 73, 85, 82, 77, 75, 72, 88, 68, 60, 18, 89, 12, 其它样本将会被淘汰
第46代.
优胜的样本序号为： 1, 26, 45, 61, 75, 91, 6, 7, 38, 54, 19, 23, 39, 47, 55, 63, 95, 32, 80, 65, 97, 28, 82, 57, 67, 83, 99, 34, 42, 50, 93, 90, 21, 16, 29, 35, 43, 51, 85, 71, 77, 73, 70, 3, 88, 10, 60, 18, 12, 13, 其它样本将会被淘汰
第47代.
优胜的样本序号为： 1, 26, 45, 61, 75, 91, 6, 7, 38, 11, 54, 19, 23, 31, 39, 47, 55, 63, 79, 95, 65, 81, 97, 28, 57, 67, 99, 34, 42, 50, 93, 69, 21, 90, 29, 35, 43, 51, 3, 71, 86, 84, 77, 73, 88, 16, 60, 18, 9, 13, 其它样本将会被淘汰
第48代.
优胜的样本序号为： 1, 26, 37, 90, 61, 4, 5, 7, 9, 46, 54, 15, 19, 23, 31, 39, 55, 63, 79, 95, 48, 65, 81, 97, 28, 57, 67, 83, 99, 34, 42, 50, 69, 21, 29, 93, 43, 51, 91, 71, 75, 86, 77, 36, 88, 73, 60, 18, 11, 13, 其它样本将会被淘汰
第49代.
优胜的样本序号为： 1, 90, 53, 3, 75, 5, 7, 38, 46, 13, 15, 19, 23, 27, 31, 39, 55, 63, 79, 95, 48, 65, 81, 97, 41, 67, 83, 99, 34, 10, 50, 58, 69, 21, 25, 29, 43, 51, 93, 71, 91, 77, 86, 36, 88, 73, 60, 18, 61, 11, 其它样本将会被淘汰
第50代.
优胜的样本序号为： 74, 45, 53, 61, 75, 5, 7, 38, 11, 19, 23, 27, 31, 39, 55, 63, 95, 80, 48, 16, 81, 97, 33, 41, 67, 83, 99, 93, 91, 50, 58, 69, 21, 25, 29, 90, 43, 51, 77, 86, 87, 72, 65, 36, 14, 3, 60, 18, 9, 2, 其它样本将会被淘汰
第51代.
优胜的样本序号为： 1, 37, 45, 53, 61, 75, 5, 7, 9, 11, 19, 93, 27, 31, 39, 55, 63, 79, 95, 48, 65, 81, 24, 33, 41, 49, 67, 83, 99, 98, 58, 91, 21, 25, 29, 70, 43, 51, 90, 71, 87, 86, 77, 36, 74, 14, 60, 18, 3, 16, 其它样本将会被淘汰
第52代.
优胜的样本序号为： 1, 37, 45, 53, 61, 75, 91, 6, 7, 9, 11, 77, 23, 27, 31, 39, 47, 55, 63, 79, 95, 65, 20, 97, 33, 41, 49, 83, 99, 68, 58, 93, 21, 25, 29, 35, 43, 51, 90, 71, 70, 86, 81, 73, 88, 14, 60, 18, 3, 16, 其它样本将会被淘汰
第53代.
优胜的样本序号为： 1, 37, 45, 53, 61, 75, 6, 7, 9, 11, 15, 77, 23, 27, 31, 39, 47, 55, 63, 79, 95, 65, 20, 97, 33, 41, 49, 57, 83, 99, 68, 14, 21, 25, 29, 35, 43, 51, 93, 71, 87, 92, 70, 86, 81, 73, 60, 18, 89, 3, 其它样本将会被淘汰
第54代.
优胜的样本序号为： 1, 37, 45, 53, 61, 75, 6, 7, 9, 11, 19, 93, 31, 39, 47, 55, 63, 79, 95, 65, 81, 24, 28, 41, 49, 57, 67, 83, 34, 100, 14, 98, 92, 25, 29, 35, 43, 51, 89, 86, 87, 77, 73, 72, 70, 3, 60, 18, 22, 16, 其它样本将会被淘汰
第55代.
优胜的样本序号为： 1, 26, 37, 45, 53, 61, 91, 6, 7, 9, 11, 13, 19, 31, 47, 55, 63, 79, 40, 96, 65, 81, 24, 28, 41, 49, 57, 67, 83, 34, 100, 17, 98, 94, 29, 35, 43, 51, 59, 90, 76, 86, 77, 72, 88, 3, 70, 73, 22, 16, 其它样本将会被淘汰
第56代.
优胜的样本序号为： 1, 37, 53, 61, 75, 91, 6, 7, 46, 13, 19, 27, 31, 47, 55, 79, 95, 64, 40, 65, 81, 24, 41, 49, 57, 67, 83, 99, 34, 10, 98, 17, 94, 25, 29, 35, 43, 51, 59, 71, 87, 89, 86, 77, 16, 70, 3, 73, 22, 11, 其它样本将会被淘汰
第57代.
优胜的样本序号为： 1, 37, 53, 61, 75, 91, 6, 7, 9, 46, 13, 19, 27, 31, 39, 47, 55, 79, 95, 64, 65, 24, 33, 41, 49, 57, 67, 83, 98, 100, 94, 17, 21, 25, 29, 35, 43, 51, 59, 71, 87, 16, 85, 82, 77, 74, 69, 3, 89, 11, 其它样本将会被淘汰
第58代.
优胜的样本序号为： 1, 37, 53, 61, 75, 5, 9, 46, 15, 19, 27, 31, 39, 47, 79, 95, 64, 56, 65, 81, 24, 33, 41, 49, 57, 67, 83, 8, 98, 100, 14, 17, 21, 25, 29, 35, 43, 51, 59, 94, 87, 91, 3, 72, 86, 77, 74, 69, 89, 11, 其它样本将会被淘汰
第59代.
优胜的样本序号为： 1, 37, 53, 61, 75, 5, 9, 46, 15, 77, 23, 27, 31, 39, 47, 55, 63, 79, 95, 65, 20, 97, 33, 41, 49, 57, 67, 83, 99, 8, 14, 17, 21, 25, 29, 35, 43, 51, 59, 71, 87, 94, 91, 3, 85, 81, 74, 69, 89, 11, 其它样本将会被淘汰
第60代.
优胜的样本序号为： 1, 74, 45, 53, 61, 4, 5, 38, 11, 15, 77, 23, 27, 31, 39, 55, 63, 79, 95, 48, 65, 20, 97, 33, 41, 49, 57, 67, 83, 99, 8, 14, 17, 21, 25, 29, 35, 43, 51, 59, 71, 93, 91, 69, 88, 86, 81, 75, 89, 9, 其它样本将会被淘汰
第61代.
优胜的样本序号为： 1, 37, 45, 53, 61, 4, 91, 6, 9, 11, 13, 15, 77, 23, 27, 31, 39, 55, 63, 79, 95, 48, 65, 20, 97, 33, 41, 49, 57, 67, 99, 8, 84, 17, 21, 25, 29, 35, 43, 51, 59, 87, 93, 72, 74, 85, 82, 75, 89, 69, 其它样本将会被淘汰
第62代.
优胜的样本序号为： 1, 37, 45, 53, 61, 75, 5, 7, 9, 11, 13, 15, 19, 23, 27, 31, 39, 55, 63, 79, 95, 48, 65, 81, 97, 33, 41, 49, 57, 67, 99, 84, 17, 21, 25, 29, 35, 43, 51, 59, 87, 93, 91, 72, 69, 85, 77, 74, 89, 3, 其它样本将会被淘汰
第63代.
优胜的样本序号为： 1, 37, 45, 61, 4, 5, 7, 11, 13, 15, 77, 23, 27, 31, 39, 55, 63, 79, 95, 48, 65, 20, 97, 41, 57, 67, 100, 34, 10, 50, 93, 17, 21, 25, 29, 91, 43, 51, 59, 69, 81, 85, 84, 36, 88, 75, 74, 72, 89, 54, 其它样本将会被淘汰
第64代.
优胜的样本序号为： 74, 45, 53, 61, 4, 5, 7, 38, 11, 13, 15, 77, 23, 27, 31, 39, 55, 63, 79, 95, 48, 65, 20, 97, 41, 49, 57, 67, 34, 10, 100, 17, 85, 25, 29, 35, 93, 51, 91, 89, 87, 84, 81, 72, 44, 75, 60, 69, 22, 2, 其它样本将会被淘汰
第65代.
优胜的样本序号为： 1, 74, 45, 53, 61, 4, 5, 7, 38, 11, 13, 15, 77, 23, 31, 39, 47, 55, 63, 79, 95, 65, 20, 28, 49, 57, 67, 83, 34, 42, 100, 17, 21, 25, 29, 35, 98, 51, 93, 71, 87, 91, 69, 85, 44, 81, 60, 75, 89, 10, 其它样本将会被淘汰
第66代.
优胜的样本序号为： 26, 30, 74, 45, 53, 3, 75, 5, 7, 38, 11, 13, 15, 77, 23, 31, 39, 47, 55, 63, 79, 95, 65, 20, 28, 49, 57, 67, 83, 34, 42, 100, 17, 21, 98, 35, 43, 51, 59, 71, 87, 93, 91, 10, 85, 81, 69, 62, 89, 2, 其它样本将会被淘汰
第67代.
优胜的样本序号为： 1, 30, 53, 3, 75, 5, 38, 46, 62, 19, 23, 31, 39, 47, 55, 63, 79, 95, 65, 97, 28, 33, 41, 57, 67, 83, 99, 8, 93, 50, 14, 17, 21, 25, 91, 35, 43, 51, 59, 71, 87, 9, 85, 82, 77, 15, 69, 73, 89, 11, 其它样本将会被淘汰
第68代.
优胜的样本序号为： 1, 37, 90, 53, 3, 5, 7, 9, 46, 13, 62, 19, 23, 31, 39, 47, 55, 63, 79, 95, 65, 81, 97, 28, 33, 41, 57, 67, 83, 99, 50, 17, 21, 25, 29, 35, 43, 51, 59, 71, 93, 91, 78, 85, 88, 76, 74, 69, 15, 11, 其它样本将会被淘汰
第69代.
优胜的样本序号为： 1, 74, 53, 4, 5, 7, 38, 46, 62, 19, 23, 31, 39, 47, 55, 79, 95, 64, 65, 81, 97, 28, 41, 57, 67, 83, 99, 34, 93, 50, 14, 17, 85, 25, 29, 35, 43, 51, 59, 71, 91, 89, 76, 77, 88, 70, 15, 9, 22, 11, 其它样本将会被淘汰
第70代.
优胜的样本序号为： 1, 26, 30, 74, 53, 61, 5, 7, 38, 46, 15, 19, 93, 31, 39, 47, 55, 79, 95, 64, 65, 81, 24, 28, 33, 41, 49, 57, 67, 83, 99, 12, 14, 17, 21, 35, 43, 51, 59, 71, 87, 97, 91, 3, 85, 77, 76, 70, 89, 9, 其它样本将会被淘汰
第71代.
优胜的样本序号为： 1, 30, 37, 45, 53, 61, 75, 91, 6, 7, 9, 11, 15, 19, 23, 27, 31, 39, 47, 55, 79, 95, 64, 65, 81, 33, 41, 49, 67, 84, 100, 58, 85, 25, 98, 35, 43, 51, 59, 71, 87, 93, 90, 77, 73, 70, 14, 18, 22, 3, 其它样本将会被淘汰
第72代.
优胜的样本序号为： 1, 37, 45, 53, 3, 75, 91, 6, 7, 9, 11, 62, 19, 23, 27, 31, 39, 47, 55, 79, 95, 64, 65, 81, 97, 33, 41, 49, 57, 67, 83, 100, 14, 69, 21, 25, 29, 35, 43, 59, 71, 87, 94, 90, 85, 52, 77, 18, 73, 15, 其它样本将会被淘汰
第73代.
优胜的样本序号为： 1, 30, 45, 3, 75, 91, 6, 7, 38, 11, 13, 62, 19, 27, 31, 39, 47, 55, 63, 79, 95, 65, 81, 24, 33, 49, 57, 67, 83, 99, 42, 17, 21, 25, 98, 35, 94, 51, 90, 71, 88, 85, 77, 15, 44, 69, 60, 73, 9, 54, 其它样本将会被淘汰
第74代.
优胜的样本序号为： 1, 30, 37, 45, 3, 75, 5, 7, 11, 13, 62, 19, 27, 31, 39, 47, 55, 63, 79, 95, 65, 24, 33, 41, 49, 57, 67, 83, 99, 10, 97, 17, 21, 25, 94, 35, 86, 51, 59, 71, 92, 15, 88, 82, 44, 78, 69, 73, 89, 54, 其它样本将会被淘汰
第75代.
优胜的样本序号为： 1, 30, 37, 45, 53, 3, 75, 6, 11, 62, 93, 27, 31, 78, 47, 55, 63, 79, 95, 40, 65, 20, 24, 33, 41, 49, 57, 67, 83, 99, 8, 10, 14, 17, 21, 25, 35, 51, 59, 97, 87, 92, 69, 72, 44, 85, 81, 73, 89, 15, 其它样本将会被淘汰
第76代.
优胜的样本序号为： 1, 30, 45, 53, 3, 75, 6, 38, 11, 62, 77, 23, 27, 31, 47, 55, 63, 79, 95, 40, 65, 20, 97, 33, 41, 49, 57, 67, 83, 99, 8, 14, 17, 21, 25, 35, 86, 51, 59, 93, 87, 92, 15, 72, 44, 81, 70, 73, 89, 9, 其它样本将会被淘汰
第77代.
优胜的样本序号为： 1, 30, 37, 45, 53, 61, 75, 91, 6, 9, 11, 13, 15, 93, 27, 31, 78, 47, 55, 63, 79, 95, 40, 65, 20, 24, 33, 41, 49, 57, 67, 83, 8, 100, 17, 21, 25, 35, 86, 51, 71, 97, 70, 88, 44, 81, 60, 74, 89, 3, 其它样本将会被淘汰
第78代.
优胜的样本序号为： 1, 30, 37, 45, 53, 61, 75, 91, 6, 9, 11, 13, 15, 27, 31, 39, 47, 55, 63, 79, 95, 65, 20, 24, 49, 57, 67, 83, 99, 34, 42, 17, 21, 25, 97, 70, 94, 51, 59, 3, 87, 85, 81, 36, 44, 78, 72, 73, 89, 8, 其它样本将会被淘汰
第79代.
优胜的样本序号为： 37, 45, 53, 61, 4, 91, 6, 9, 11, 13, 15, 93, 27, 39, 47, 55, 63, 79, 95, 32, 65, 20, 24, 82, 49, 57, 83, 99, 34, 42, 97, 17, 21, 25, 29, 90, 78, 51, 59, 85, 87, 75, 68, 36, 44, 72, 69, 73, 8, 2, 其它样本将会被淘汰
第80代.
优胜的样本序号为： 1, 37, 45, 53, 61, 5, 9, 11, 13, 15, 77, 93, 27, 31, 39, 47, 55, 63, 79, 95, 65, 20, 24, 41, 49, 57, 83, 99, 34, 97, 91, 17, 21, 25, 29, 35, 90, 51, 59, 85, 87, 81, 76, 72, 44, 68, 69, 73, 3, 8, 其它样本将会被淘汰
第81代.
优胜的样本序号为： 1, 37, 45, 53, 61, 75, 5, 7, 9, 11, 13, 15, 19, 23, 27, 31, 39, 47, 55, 63, 79, 95, 65, 81, 97, 33, 41, 49, 57, 67, 83, 99, 17, 21, 25, 29, 35, 43, 51, 59, 71, 87, 93, 91, 69, 85, 77, 73, 89, 3, 其它样本将会被淘汰
第82代.
优胜的样本序号为： 37, 45, 53, 61, 75, 5, 7, 9, 11, 13, 15, 19, 93, 27, 31, 39, 47, 55, 63, 79, 95, 81, 24, 33, 41, 49, 57, 67, 83, 99, 97, 17, 21, 25, 29, 35, 43, 91, 59, 71, 87, 3, 85, 77, 66, 52, 69, 73, 89, 2, 其它样本将会被淘汰
第83代.
优胜的样本序号为： 37, 45, 53, 61, 75, 5, 7, 9, 11, 13, 15, 19, 23, 27, 39, 47, 55, 63, 79, 95, 32, 65, 81, 97, 33, 41, 49, 57, 67, 83, 99, 69, 21, 25, 29, 35, 43, 51, 59, 71, 87, 93, 91, 90, 85, 77, 73, 18, 3, 2, 其它样本将会被淘汰
第84代.
优胜的样本序号为： 1, 37, 45, 53, 61, 75, 91, 6, 7, 9, 11, 13, 15, 19, 23, 27, 39, 47, 55, 63, 79, 95, 32, 65, 81, 97, 33, 41, 49, 57, 67, 83, 99, 17, 21, 25, 29, 51, 59, 93, 87, 69, 85, 36, 44, 77, 72, 73, 89, 3, 其它样本将会被淘汰
第85代.
优胜的样本序号为： 1, 37, 45, 53, 61, 75, 91, 6, 9, 11, 13, 15, 23, 27, 39, 47, 55, 63, 79, 95, 32, 20, 97, 33, 41, 49, 57, 67, 83, 99, 8, 17, 21, 25, 29, 35, 93, 51, 59, 71, 87, 3, 85, 81, 44, 78, 69, 73, 89, 66, 其它样本将会被淘汰
第86代.
优胜的样本序号为： 1, 37, 45, 53, 61, 75, 5, 9, 11, 13, 15, 19, 23, 27, 31, 78, 47, 55, 63, 79, 95, 40, 81, 97, 33, 49, 57, 67, 83, 99, 8, 42, 17, 21, 25, 29, 35, 51, 59, 71, 87, 93, 91, 3, 44, 85, 69, 73, 89, 66, 其它样本将会被淘汰
第87代.
优胜的样本序号为： 1, 45, 61, 75, 5, 7, 38, 11, 13, 15, 23, 27, 31, 39, 47, 55, 63, 79, 95, 65, 20, 97, 33, 57, 67, 83, 100, 93, 42, 50, 91, 17, 21, 25, 29, 35, 43, 90, 59, 71, 87, 85, 81, 78, 3, 52, 69, 73, 9, 54, 其它样本将会被淘汰
第88代.
优胜的样本序号为： 1, 37, 45, 3, 75, 91, 6, 7, 9, 13, 62, 77, 23, 27, 39, 47, 55, 63, 79, 95, 32, 65, 20, 97, 33, 41, 57, 67, 83, 99, 50, 17, 21, 25, 29, 35, 43, 93, 59, 71, 87, 90, 85, 82, 74, 52, 69, 15, 12, 54, 其它样本将会被淘汰
第89代.
优胜的样本序号为： 37, 45, 3, 75, 5, 7, 92, 13, 62, 19, 23, 27, 39, 47, 55, 63, 79, 32, 96, 65, 81, 97, 33, 41, 57, 67, 83, 99, 10, 12, 93, 17, 21, 25, 29, 35, 43, 90, 59, 71, 87, 85, 77, 2, 70, 52, 15, 73, 50, 54, 其它样本将会被淘汰
第90代.
优胜的样本序号为： 37, 45, 61, 75, 6, 7, 9, 11, 13, 15, 19, 23, 27, 39, 47, 55, 63, 79, 95, 32, 65, 81, 97, 41, 57, 67, 83, 99, 34, 50, 93, 17, 21, 25, 29, 35, 43, 51, 59, 71, 87, 92, 90, 86, 77, 3, 69, 73, 2, 54, 其它样本将会被淘汰
第91代.
优胜的样本序号为： 1, 37, 45, 53, 3, 75, 5, 7, 11, 13, 15, 77, 23, 27, 39, 47, 55, 63, 79, 95, 32, 65, 20, 97, 41, 67, 83, 99, 34, 10, 50, 58, 17, 21, 25, 29, 35, 43, 51, 59, 71, 87, 93, 91, 90, 86, 81, 73, 69, 61, 其它样本将会被淘汰
第92代.
优胜的样本序号为： 1, 37, 45, 53, 61, 75, 5, 9, 11, 15, 19, 23, 27, 39, 47, 63, 79, 95, 32, 56, 81, 97, 66, 41, 49, 57, 67, 83, 99, 34, 14, 93, 21, 25, 29, 35, 43, 51, 59, 71, 87, 91, 3, 85, 78, 73, 70, 18, 89, 8, 其它样本将会被淘汰
第93代.
优胜的样本序号为： 45, 53, 61, 75, 5, 7, 38, 11, 15, 19, 23, 27, 31, 39, 47, 55, 63, 79, 95, 65, 81, 97, 41, 49, 57, 67, 83, 99, 34, 93, 14, 17, 21, 25, 29, 35, 43, 92, 59, 71, 87, 9, 85, 78, 3, 52, 69, 73, 89, 2, 其它样本将会被淘汰
第94代.
优胜的样本序号为： 1, 45, 53, 61, 75, 5, 7, 38, 11, 15, 23, 27, 31, 39, 47, 55, 63, 79, 95, 65, 20, 97, 41, 49, 57, 67, 99, 34, 84, 93, 14, 17, 21, 25, 29, 35, 43, 51, 59, 71, 87, 92, 3, 85, 81, 78, 69, 73, 89, 9, 其它样本将会被淘汰
第95代.
优胜的样本序号为： 1, 26, 37, 45, 53, 61, 75, 6, 9, 11, 13, 15, 77, 23, 27, 31, 39, 47, 55, 63, 79, 95, 65, 20, 97, 41, 49, 57, 67, 83, 99, 34, 17, 21, 29, 94, 43, 51, 59, 71, 87, 92, 3, 36, 85, 81, 69, 73, 89, 8, 其它样本将会被淘汰
第96代.
优胜的样本序号为： 1, 26, 37, 45, 61, 75, 91, 6, 7, 9, 11, 54, 15, 19, 23, 31, 39, 47, 55, 63, 79, 95, 65, 81, 97, 28, 33, 41, 49, 57, 67, 83, 99, 69, 21, 29, 43, 51, 59, 93, 87, 3, 85, 36, 77, 73, 72, 18, 89, 13, 其它样本将会被淘汰
第97代.
优胜的样本序号为： 1, 26, 37, 45, 61, 75, 5, 7, 9, 11, 54, 15, 19, 23, 27, 31, 39, 47, 55, 63, 79, 95, 65, 81, 97, 33, 41, 49, 57, 67, 83, 99, 14, 69, 21, 29, 43, 51, 93, 92, 87, 72, 85, 36, 77, 73, 60, 18, 89, 3, 其它样本将会被淘汰
第98代.
优胜的样本序号为： 1, 37, 45, 3, 75, 5, 7, 9, 11, 13, 62, 19, 23, 27, 31, 39, 47, 55, 63, 79, 95, 81, 97, 66, 41, 49, 57, 67, 83, 99, 93, 69, 85, 25, 29, 91, 43, 51, 89, 77, 87, 73, 72, 36, 15, 33, 60, 18, 22, 54, 其它样本将会被淘汰
第99代.
优胜的样本序号为： 1, 37, 45, 53, 3, 75, 5, 7, 9, 11, 13, 62, 19, 23, 27, 31, 39, 47, 55, 63, 79, 95, 81, 97, 66, 41, 49, 57, 67, 83, 99, 17, 21, 25, 29, 35, 43, 51, 59, 93, 87, 92, 15, 72, 85, 77, 69, 73, 89, 33, 其它样本将会被淘汰
第100代.
优胜的样本序号为： 1, 37, 45, 53, 61, 75, 5, 7, 9, 11, 13, 15, 19, 93, 27, 31, 39, 47, 55, 63, 79, 95, 65, 81, 24, 33, 57, 67, 42, 50, 100, 17, 21, 25, 29, 35, 43, 51, 59, 71, 87, 97, 91, 69, 85, 84, 77, 73, 89, 3, 其它样本将会被淘汰
算法结束，最终结果为
==========================================
第1辆车的路径为 : 0, 3, 4, 10, 11, 0
第2辆车的路径为 : 0, 9, 2, 7, 8, 0
第3辆车的路径为 : 0, 1, 6, 5, 0
